Timestamp,X,Y,Z
358,-26,-31,-35
466,30,-33,24
576,-33,-17,-1
688,27,36,1
800,-8,7,22
912,24,24,-9
1021,-39,-33,-37
1129,27,-39,-32
1239,11,-6,-14
1346,-32,-4,-37
1455,-18,-2,-20
1564,-5,-7,25
1675,-4,-39,-25
1784,18,13,16
1893,-24,-15,-13
2003,-26,17,1
2113,4,36,21
2220,-31,32,-37
2330,34,7,29
2440,-28,20,23
2550,-2,9,22
2658,28,20,22
2768,-16,30,8
2876,6,15,18
2985,21,28,40
3093,-14,-29,4
3204,-26,26,-30
3313,-10,6,-4
3423,34,-35,-24
3533,-28,5,-34
3642,35,17,37
3751,-14,17,31
3861,-16,-7,17
3969,0,-11,-31
4079,38,29,-17
4186,-16,20,-33
4296,-25,11,-20
4406,-8,23,-34
4515,33,11,19
4622,-25,21,-29
4731,5,9,-25
4839,-34,-3,-28
4947,-30,39,6
5056,4,-31,14
5166,-34,16,3
5274,-10,-24,-23
5384,33,6,-23
5493,14,0,-40
5600,35,-4,-2
5709,3,13,36
5818,23,13,38
5929,1,37,-16
6038,-12,-39,-7
6148,17,21,-2
6257,-3,21,21
6366,0,-17,-7
